9.956191223811183821e-01 -4.505055182703618377e-02 -3.338814618223844011e-02 -2.858898101923200430e-02 2.842855436972224065e-03 3.008369574894208601e-02 -6.219165708653467961e-02
5.511556596780161493e-02 2.901399539707504860e-01 -1.248819567629025629e-01 -3.320101971890548898e-01 -3.804775051686200005e-01 -4.779278141206557140e-01 6.432547550433649342e-01
4.839438319361379776e-02 3.871195675919085200e-01 9.207586133524262584e-01 -2.851451713636876661e-17 2.276824562219559311e-18 2.070826149447313469e-17 -3.469446951953614189e-18
4.047232071068808390e-02 6.634602007221092057e-01 -2.810693869840977244e-01 6.922301300971649418e-01 7.573829801169051912e-17 1.084202172485504434e-16 -1.923374653989284866e-16
-2.705410774707490973e-03 4.082126565073568858e-01 -1.714848800730679190e-01 -4.607174594460273220e-01 7.692122374791465766e-01 -7.650401579600840662e-17 3.736431736928169656e-17
-2.268745048845471901e-02 3.090125377876243862e-01 -1.287273918673030038e-01 -3.471109176660964746e-01 -4.006684427134951099e-01 7.787198466162276178e-01 2.331034670843834533e-17
-3.468101514626613369e-02 2.482376601010035655e-01 -1.025451056689198892e-01 -2.775297813046877504e-01 -3.209456635623771925e-01 -4.053089885827060868e-01 -7.631222168846426568e-01
